1 1 ! 10 8 5 12 12 12 0 0 0 0 1 2 3 6 4 3 6 5 10 7 ? 12 6 5 5 4 3 # 6 7 >
1 2 ! 10 8 14 2 2 1 0 0 0 0 1 2 3 6 4 3 6 5 10 7 ? 7 6 5 6 3 7 # 6 7 >
1 3 ! 5 5 9 8 6 4 0 0 0 0 7 5 8 4 7 6 9 8 5 7 ? 7 6 5 1 3 6 # 6 8 >
1 4 ! 10 8 5 2 2 1 0 0 0 0 3 5 6 4 5 7 8 7 4 5 ? 7 6 5 7 5 8 # 6 9 >
1 5 ! 8 8 5 2 2 1 0 0 0 0 1 5 7 8 4 6 5 8 7 4 ? 7 6 5 8 6 9 # 6 9 >
1 6 ! 5 5 9 8 6 4 0 0 0 0 1 5 8 7 6 9 8 7 4 5 ? 7 6 5 7 8 5 # 6 3 >
1 7 ! 10 8 5 2 2 1 0 0 0 0 8 7 9 8 7 8 9 8 7 9 ? 7 6 5 7 8 9 # 6 7 >
1 8 ! 8 8 5 2 2 1 0 0 0 0 8 7 9 8 7 9 5 4 6 5 ? 7 6 5 6 5 6 # 7 8 >
1 9 ! 11 8 5 2 2 1 0 0 0 0 4 5 6 6 6 5 8 9 8 7 ? 7 6 5 7 8 8 # 4 5 >
2 1 ! 11 8 5 2 2 1 0 0 0 0 4 5 6 6 6 5 8 9 8 7 ? 7 6 5 5 4 3 # 7 8 >
2 2 ! 8 8 5 2 2 1 0 0 0 0 6 3 6 9 8 5 2 4 7 5 ? 7 6 5 6 3 7 # 6 8 >
2 3 ! 5 5 9 8 6 4 0 0 0 0 7 5 8 4 7 6 9 8 5 7 ? 7 6 5 1 3 6 # 6 3 >
2 4 ! 10 8 5 2 2 1 0 0 0 0 3 5 6 4 5 7 8 7 4 5 ? 7 6 5 7 5 8 # 6 6 >
2 5 ! 8 8 5 2 2 1 0 0 0 0 1 5 7 8 4 6 5 8 7 4 ? 7 6 5 8 6 9 # 6 9 >
2 6 ! 5 5 9 8 6 4 0 0 0 0 1 5 8 7 6 9 8 7 4 5 ? 7 6 5 7 8 5 # 6 1 >
2 7 ! 10 8 5 2 2 1 0 0 0 0 8 7 9 8 7 8 9 8 7 9 ? 7 6 5 7 8 9 # 6 7 >
2 8 ! 8 8 5 2 2 1 0 0 0 0 8 7 9 8 7 9 5 4 6 5 ? 7 6 5 6 5 6 # 6 9 >
2 9 ! 11 8 5 2 2 1 0 0 0 0 4 5 6 6 6 5 8 9 8 7 ? 7 6 5 7 8 8 # 6 8 >
