1 1 ! 10 8 5 2 2 1 ? 7 6 5 # 6 >
1 2 ! 8 8 5 2 2 1 ? 7 6 5 # 6 >
1 3 ! 5 5 9 8 6 4 ? 7 6 5 # 6 >
1 4 ! 10 8 5 2 2 1 ? 7 6 5 # 6 >
1 5 ! 8 8 5 2 2 1 ? 7 6 5 # 6 >
1 6 ! 5 5 9 8 6 4 ? 7 6 5 # 6 >
1 7 ! 10 8 5 2 2 1 ? 7 6 5 # 6 >
1 8 ! 8 8 5 2 2 1 ? 7 6 5 # 6 >
1 1 ! 10 8 5 2 2 1 ? 7 6 5 # 6 >
2 2 ! 8 8 5 2 2 1 ? 7 6 5 # 6 >
2 3 ! 2 8 5 2 2 1 ? 7 6 5 # 6 >
2 4 ! 10 8 5 2 2 1 ? 7 6 5 # 6 >
2 5 ! 8 8 5 2 2 1 ? 7 6 5 # 6 >
2 6 ! 2 8 5 2 2 1 ? 7 6 5 # 6 >
2 7 ! 10 8 5 2 2 1 ? 7 6 5 # 6 >
2 8 ! 8 8 5 2 2 1 ? 7 6 5 # 6 >
